X'00000000
X'8407C00F          01   0000 0001 1111 0000 0000 0 01111
X'C007FC00				1100 0000 0000 0111 1111 1100 0000 0000
X'18007C1F					0001 1000 0000 0000 0111 1100 0001 1111
X'10000001					0001 0000 0000 0000 0000 0000 0000 0001
X'20000021					0010 0000 0000 0000 0000 0000 0010 0001
X'CC03EFE0							1100 1100 0000 0011 1110 1111 1110 0000
X'980003E1							1001 1000 0000 0000 0000 0011 1110 0001
X'20000021						0010 0000 0000 0000 0000 0000 0010 0001
X'240003FF					0010 0100 0000 0000 0000 0011 1111 1111
X'DC07F000					1101 1100 0000 0111 1111 0000 0000 0000
X'84004002					1000 0100 0000 0000 0100 0000 0000 0010
X'5400101E						0101 0100 0000 0000 0001 0000 0001 1110			
X'880003C3							1000 1000 0000 0000 0000 0011 1100 0011
X'8C07F7C4							1000 1100 0000 0111 1111 0111 1100 0100 
X'5BFFFC1D							0101 1011 1111 1111 1111 1100 0001 1101
X'80000007						1000 0000 0000 0000 0000 0000 0000 0111
X'500043A5					0101 0000 0000 0000 0100 0011 1010 0101
X'50000486							0101 0000 0000 0000 0000 0100 1000 0110
X'C003F8A0							1100 0000 0000 0011 1111 1000 1010 0000
X'10001C67						0001 0000 0000 0000 0001 1100 0110 0111
X'64000484							0110 0100 0000 0000 0000 0100 1000 0100
X'60000463						0110 0000 0000 0000 0000 0100 0110 0011
X'240000A5							0010 0100 0000 0000 0000 0000 1010 0101
X'C407E8A0							1100 0100 0000 0111 1110 1000 1010 0000
X'94000007							1001 0100 0000 0000 0000 0000 0000 0111
X'680024E7								0110 1000 0000 0000 0010 0100 1110 0111
X'6C000CE7						0110 1100 0000 0000 0000 1100 1110 0111
X'400000E8							0100 0000 0000 0000 0000 0000 1110 1000		
X'4C0023A8							0100 1100 0000 0000 0010 0011 1010 1000	
X'14001D09						0001 0100 0000 0000 0001 1101 0000 1001		
X'1C00052A					0001 1100 0000 0000 0000 0101 0010 1010
X'D003DD40					1101 0000 0000 0011 1101 1101 0100 0000
X'D803E140							1101 1000 0000 0011 1110 0001 0100 0000
X'1800094B						0001 1000 0000 0000 0000 1001 0100 1011
X'D403E960					1101 0100 0000 0011 1110 1001 0110 0000
X'48002CEC				0100 1000 0000 0000 0010 1100 1110 1100
X'9C07FC0C					1001 1100 0000 0111 1111 1100 0000 1100 
x'44002D8C						0100 0100 0000 0000 0010 1101 1000 1100
x'C803F580						1100 1000 0000 0011 1111 0101 1000 0000
x'DC000000						1101 1100 0000 0000 0000 0000 0000 0000
x'DC000000						1101 1100 0000 0000 0000 0000 0000 0000			
x'9407E007						1001 0100 0000 0111 1110 0000 0000 0111
x'DC000000						1101 1100 0000 0000 0000 0000 0000 0000

					